#ifndef MATRICES_HPP
#define MATRICES_HPP


// Generated matrices
static const float matrix_A[32][32] = {
  { 0.805333f, 0.408641f, 0.991985f, 0.363808f, 0.231415f, 0.126453f, 0.625099f, 0.659253f, 0.0933937f, 0.814946f, 0.678889f, 0.859827f, 0.793642f, 0.679136f, 0.168452f, 0.5762f, 0.600626f, 0.823646f, 0.939026f, 0.367796f, 0.674192f, 0.0466247f, 0.830703f, 0.873673f, 0.273769f, 0.218685f, 0.985146f, 0.207608f, 0.420639f, 0.841578f, 0.50409f, 0.673906f },
  { 0.91782f, 0.388337f, 0.0127914f, 0.758114f, 0.421432f, 0.652099f, 0.620025f, 0.598083f, 0.483633f, 0.184964f, 0.414182f, 0.0908983f, 0.233397f, 0.331634f, 0.393493f, 0.232137f, 0.572971f, 0.749626f, 0.981802f, 0.149399f, 0.862379f, 0.17766f, 0.504405f, 0.553049f, 0.201933f, 0.803706f, 0.480738f, 0.894211f, 0.339574f, 0.0096393f, 0.571033f, 0.0381451f },
  { 0.2413f, 0.332259f, 0.454917f, 0.651888f, 0.0880646f, 0.170331f, 0.450347f, 0.584274f, 0.950069f, 0.0529192f, 0.373112f, 0.447108f, 0.0681193f, 0.32596f, 0.777046f, 0.431741f, 0.897193f, 0.997446f, 0.817455f, 0.524658f, 0.419265f, 0.220761f, 0.381813f, 0.539114f, 0.870205f, 0.646119f, 0.853489f, 0.549028f, 0.518203f, 0.799949f, 0.205897f, 0.781248f },
  { 0.136041f, 0.179767f, 0.0432321f, 0.860372f, 0.381217f, 0.794984f, 0.0718785f, 0.499318f, 0.0999786f, 0.237977f, 0.0468172f, 0.120029f, 0.119154f, 0.37019f, 0.489768f, 0.892757f, 0.0034443f, 0.999627f, 0.829051f, 0.5748f, 0.79681f, 0.669923f, 0.439104f, 0.0144256f, 0.485642f, 0.380849f, 0.0391795f, 0.610767f, 0.708931f, 0.902246f, 0.246381f, 0.753677f },
  { 0.452089f, 0.269109f, 0.597883f, 0.385104f, 0.637432f, 0.606388f, 0.294982f, 0.431421f, 0.21503f, 0.766181f, 0.848267f, 0.597508f, 0.71267f, 0.944271f, 0.990779f, 0.536248f, 0.808144f, 0.699612f, 0.330165f, 0.796908f, 0.0247191f, 0.375744f, 0.710406f, 0.369007f, 0.370211f, 0.543095f, 0.334287f, 0.54157f, 0.531491f, 0.0181486f, 0.603295f, 0.331672f },
  { 0.152204f, 0.849458f, 0.0618463f, 0.119299f, 0.145149f, 0.961302f, 0.866517f, 0.24793f, 0.555921f, 0.474367f, 0.217664f, 0.337551f, 0.880002f, 0.192011f, 0.919673f, 0.783987f, 0.194147f, 0.839747f, 0.473708f, 0.964009f, 0.389513f, 0.414282f, 0.156857f, 0.306476f, 0.735798f, 0.423748f, 0.567287f, 0.297513f, 0.0939946f, 0.609474f, 0.088177f, 0.612153f },
  { 0.555341f, 0.464529f, 0.454555f, 0.73551f, 0.590383f, 0.686394f, 0.957868f, 0.698926f, 0.588763f, 0.785296f, 0.313359f, 0.404754f, 0.421825f, 0.466656f, 0.898941f, 0.413865f, 0.380542f, 0.605391f, 0.092071f, 0.363192f, 0.388172f, 0.136561f, 0.439609f, 0.562485f, 0.42871f, 0.909604f, 0.167967f, 0.548402f, 0.395914f, 0.448223f, 0.832099f, 0.0259372f },
  { 0.566614f, 0.689928f, 0.0385197f, 0.337853f, 0.928388f, 0.797481f, 0.117669f, 0.17883f, 0.763392f, 0.841235f, 0.664677f, 0.723527f, 0.486542f, 0.235297f, 0.00433283f, 0.539296f, 0.606804f, 0.349128f, 0.863916f, 0.589325f, 0.422896f, 0.941759f, 0.904017f, 0.162833f, 0.0282278f, 0.123997f, 0.250377f, 0.380959f, 0.952631f, 0.875408f, 0.567749f, 0.750522f },
  { 0.0877111f, 0.415594f, 0.674987f, 0.959465f, 0.760334f, 0.102498f, 0.21741f, 0.185069f, 0.83933f, 0.582476f, 0.0279906f, 0.523069f, 0.351094f, 0.371559f, 0.582689f, 0.589461f, 0.146044f, 0.979396f, 0.177089f, 0.0901619f, 0.830048f, 0.916114f, 0.162273f, 0.513938f, 0.621515f, 0.177442f, 0.229406f, 0.946616f, 0.792507f, 0.0940124f, 0.72263f, 0.990449f },
  { 0.120184f, 0.217847f, 0.966915f, 0.460607f, 0.439344f, 0.113575f, 0.101858f, 0.543461f, 0.49458f, 0.773431f, 0.202143f, 0.21201f, 0.907592f, 0.591039f, 0.880206f, 0.714173f, 0.424498f, 0.2286f, 0.507071f, 0.802139f, 0.844378f, 0.136279f, 0.346375f, 0.480804f, 0.522077f, 0.174486f, 0.61284f, 0.931182f, 0.0698165f, 0.982469f, 0.949379f, 0.643319f },
  { 0.460282f, 0.702726f, 0.661722f, 0.703577f, 0.835823f, 0.2468f, 0.458459f, 0.174759f, 0.653922f, 0.32385f, 0.457838f, 0.254415f, 0.637577f, 0.964309f, 0.932177f, 0.232569f, 0.499474f, 0.69008f, 0.594698f, 0.123485f, 0.868815f, 0.592447f, 0.62256f, 0.824394f, 0.834961f, 0.148721f, 0.713509f, 0.175622f, 0.896767f, 0.733397f, 0.763198f, 0.356722f },
  { 0.0484732f, 0.229384f, 0.0866809f, 0.408946f, 0.876584f, 0.354267f, 0.646636f, 0.989286f, 0.416583f, 0.440268f, 0.459299f, 0.00627172f, 0.662812f, 0.617873f, 0.555932f, 0.70498f, 0.529485f, 0.29708f, 0.345399f, 0.229727f, 0.0621049f, 0.720783f, 0.928463f, 0.95926f, 0.739577f, 0.739988f, 0.134361f, 0.201819f, 0.286404f, 0.721823f, 0.466128f, 0.94491f },
  { 0.917602f, 0.108379f, 0.332081f, 0.175865f, 0.427892f, 0.965753f, 0.136362f, 0.793501f, 0.439065f, 0.426219f, 0.750857f, 0.686962f, 0.344689f, 0.978209f, 0.383394f, 0.850349f, 0.525342f, 0.844116f, 0.875184f, 0.432372f, 0.598911f, 0.0614793f, 0.63833f, 0.601786f, 0.687197f, 0.463856f, 0.705005f, 0.278058f, 0.489301f, 0.305001f, 0.189034f, 0.316015f },
  { 0.016336f, 0.564464f, 0.417687f, 0.271914f, 0.730788f, 0.498824f, 0.659696f, 0.642684f, 0.261804f, 0.824068f, 0.578459f, 0.0767066f, 0.378533f, 0.251962f, 0.773465f, 0.416074f, 0.13314f, 0.553828f, 0.790656f, 0.961807f, 0.290163f, 0.692455f, 0.471758f, 0.835362f, 0.809413f, 0.459905f, 0.182834f, 0.74661f, 0.846563f, 0.0256727f, 0.888662f, 0.199335f },
  { 0.709906f, 0.600769f, 0.283291f, 0.699872f, 0.912435f, 0.400757f, 0.885582f, 0.882129f, 0.289186f, 0.589659f, 0.850779f, 0.835042f, 0.924317f, 0.472523f, 0.400889f, 0.0593224f, 0.414622f, 0.620818f, 0.85332f, 0.426354f, 0.715926f, 0.246206f, 0.580264f, 0.509641f, 0.601616f, 0.14613f, 0.645049f, 0.21777f, 0.23223f, 0.201532f, 0.458735f, 0.377287f },
  { 0.819569f, 0.65299f, 0.220319f, 0.124715f, 0.343051f, 0.726488f, 0.370874f, 0.619579f, 0.518083f, 0.751358f, 0.820959f, 0.500754f, 0.119039f, 0.201645f, 0.96024f, 0.330745f, 0.381314f, 0.4994f, 0.458909f, 0.383137f, 0.581241f, 0.33818f, 0.680519f, 0.54512f, 0.815536f, 0.999473f, 0.590828f, 0.575728f, 0.339903f, 0.634499f, 0.620743f, 0.808201f },
  { 0.9948f, 0.373068f, 0.770081f, 0.320102f, 0.523714f, 0.578851f, 0.604548f, 0.429866f, 0.653649f, 0.01137f, 0.281503f, 0.912798f, 0.834771f, 0.775119f, 0.707564f, 0.994544f, 0.507079f, 0.920832f, 0.615249f, 0.314684f, 0.969212f, 0.428184f, 0.105527f, 0.404806f, 0.737334f, 0.830032f, 0.604552f, 0.73477f, 0.774265f, 0.456448f, 0.829558f, 0.296196f },
  { 0.973734f, 0.280538f, 0.134829f, 0.708027f, 0.471659f, 0.499721f, 0.162013f, 0.882348f, 0.70426f, 0.721864f, 0.331658f, 0.159837f, 0.407873f, 0.910546f, 0.0818461f, 0.436519f, 0.298488f, 0.0518202f, 0.306944f, 0.370975f, 0.485875f, 0.965503f, 0.319524f, 0.00280561f, 0.393738f, 0.750752f, 0.751382f, 0.287636f, 0.996741f, 0.849002f, 0.714633f, 0.0313022f },
  { 0.104445f, 0.716661f, 0.502484f, 0.700072f, 0.673741f, 0.738205f, 0.440749f, 0.687338f, 0.780309f, 0.570835f, 0.863155f, 0.857879f, 0.671648f, 0.716009f, 0.946214f, 0.801726f, 0.974248f, 0.923456f, 0.139366f, 0.286939f, 0.52717f, 0.682166f, 0.212467f, 0.434065f, 0.730489f, 0.566455f, 0.831461f, 0.364306f, 0.510316f, 0.768101f, 0.864454f, 0.669406f },
  { 0.483566f, 0.997853f, 0.15698f, 0.495002f, 0.87295f, 0.153244f, 0.849499f, 0.937574f, 0.556671f, 0.518861f, 0.157825f, 0.846536f, 0.0798316f, 0.567279f, 0.753092f, 0.410032f, 0.544794f, 0.195278f, 0.162109f, 0.288542f, 0.737986f, 0.699009f, 0.280465f, 0.607681f, 0.354478f, 0.811225f, 0.349164f, 0.324517f, 0.710107f, 0.164409f, 0.116058f, 0.311729f },
  { 0.793827f, 0.00903821f, 0.0668965f, 0.0522942f, 0.0349943f, 0.136124f, 0.454981f, 0.599569f, 0.210215f, 0.00696567f, 0.606554f, 0.790073f, 0.0524679f, 0.0810408f, 0.638476f, 0.475732f, 0.523295f, 0.626073f, 0.274668f, 0.94844f, 0.389883f, 0.742306f, 0.834394f, 0.616697f, 0.0628456f, 0.747485f, 0.780716f, 0.226305f, 0.686681f, 0.111809f, 0.782137f, 0.943017f },
  { 0.435007f, 0.473006f, 0.996251f, 0.89306f, 0.0212055f, 0.815914f, 0.493043f, 0.15683f, 0.0947832f, 0.695885f, 0.411536f, 0.938788f, 0.553228f, 0.97475f, 0.287564f, 0.438673f, 0.223903f, 0.342623f, 0.326821f, 0.615818f, 0.501626f, 0.377425f, 0.185252f, 0.990751f, 0.848803f, 0.87754f, 0.134328f, 0.800928f, 0.936461f, 0.392228f, 0.148458f, 0.330562f },
  { 0.442936f, 0.59714f, 0.667678f, 0.286722f, 0.771795f, 0.116059f, 0.736041f, 0.531124f, 0.0549287f, 0.626964f, 0.930652f, 0.449368f, 0.160763f, 0.318715f, 0.597181f, 0.280113f, 0.89761f, 0.765936f, 0.708051f, 0.584045f, 0.870584f, 0.108443f, 0.405368f, 0.109345f, 0.0326308f, 0.0673953f, 0.905273f, 0.421646f, 0.0153339f, 0.503752f, 0.931345f, 0.740677f },
  { 0.629236f, 0.754744f, 0.559796f, 0.319744f, 0.784471f, 0.859544f, 0.356547f, 0.255068f, 0.909262f, 0.417515f, 0.270975f, 0.652362f, 0.959758f, 0.835232f, 0.705407f, 0.38195f, 0.437291f, 0.145632f, 0.302335f, 0.132204f, 0.793416f, 0.036257f, 0.281357f, 0.292506f, 0.351543f, 0.554331f, 0.786503f, 0.786576f, 0.0821251f, 0.661427f, 0.53501f, 0.274802f },
  { 0.0723863f, 0.108557f, 0.835985f, 0.805707f, 0.150459f, 0.909807f, 0.944445f, 0.600904f, 0.140406f, 0.983241f, 0.601492f, 0.501034f, 0.774323f, 0.773085f, 0.636703f, 0.625231f, 0.944833f, 0.431703f, 0.848096f, 0.547769f, 0.172675f, 0.336958f, 0.657899f, 0.827589f, 0.261052f, 0.162136f, 0.825513f, 0.571651f, 0.592972f, 0.116002f, 0.80673f, 0.796808f },
  { 0.793878f, 0.267116f, 0.0763989f, 0.290106f, 0.823313f, 0.508284f, 0.97906f, 0.156035f, 0.0188847f, 0.304853f, 0.593322f, 0.342418f, 0.105335f, 0.635255f, 0.119565f, 0.407548f, 0.506702f, 0.159616f, 0.576456f, 0.572175f, 0.527515f, 0.0165181f, 0.158393f, 0.733497f, 0.790083f, 0.954138f, 0.961379f, 0.0850809f, 0.07014f, 0.900923f, 0.815438f, 0.0352957f },
  { 0.637804f, 0.0377863f, 0.931113f, 0.202723f, 0.967764f, 0.373906f, 0.774909f, 0.458369f, 0.0564588f, 0.573581f, 0.64755f, 0.476526f, 0.66112f, 0.606983f, 0.555057f, 0.406519f, 0.112763f, 0.175263f, 0.203185f, 0.762642f, 0.703962f, 0.615142f, 0.262109f, 0.715256f, 0.072054f, 0.446736f, 0.69263f, 0.44264f, 0.631437f, 0.526627f, 0.118326f, 0.580748f },
  { 0.497531f, 0.472127f, 0.989885f, 0.112533f, 0.559036f, 0.960696f, 0.932424f, 0.745074f, 0.871255f, 0.193642f, 0.971923f, 0.0835265f, 0.744146f, 0.703417f, 0.026643f, 0.643959f, 0.775515f, 0.289996f, 0.444527f, 0.276213f, 0.622902f, 0.896516f, 0.316287f, 0.506558f, 0.150287f, 0.354723f, 0.955318f, 0.656476f, 0.673264f, 0.409217f, 0.796427f, 0.147559f },
  { 0.0746339f, 0.250837f, 0.559999f, 0.173714f, 0.303829f, 0.687693f, 0.406921f, 0.63193f, 0.597594f, 0.452569f, 0.447881f, 0.520846f, 0.75887f, 0.851155f, 0.672618f, 0.00431417f, 0.70332f, 0.903596f, 0.743789f, 0.218732f, 0.842172f, 0.529415f, 0.746686f, 0.0228558f, 0.713169f, 0.185342f, 0.354423f, 0.103782f, 0.400971f, 0.175515f, 0.651984f, 0.00763619f },
  { 0.0858557f, 0.550182f, 0.808204f, 0.68205f, 0.22088f, 0.302785f, 0.0879697f, 0.921461f, 0.968215f, 0.637145f, 0.689973f, 0.780043f, 0.331879f, 0.997244f, 0.778261f, 0.561782f, 0.653939f, 0.723407f, 0.699798f, 0.439037f, 0.710687f, 0.83876f, 0.559777f, 0.865404f, 0.298933f, 0.550487f, 0.92222f, 0.146323f, 0.888165f, 0.397092f, 0.272923f, 0.0406086f },
  { 0.300089f, 0.237307f, 0.290902f, 0.0203778f, 0.134269f, 0.25482f, 0.171445f, 0.483351f, 0.870032f, 0.610827f, 0.413652f, 0.269727f, 0.666281f, 0.890899f, 0.73371f, 0.364943f, 0.983307f, 0.926834f, 0.573685f, 0.859502f, 0.187439f, 0.729249f, 0.404786f, 0.786266f, 0.544743f, 0.658029f, 0.523717f, 0.828552f, 0.161301f, 0.717392f, 0.68717f, 0.205242f },
  { 0.658479f, 0.880596f, 0.0654666f, 0.05757f, 0.00594554f, 0.242193f, 0.627083f, 0.705432f, 0.889166f, 0.486369f, 0.430412f, 0.481969f, 0.885214f, 0.257113f, 0.593735f, 0.486679f, 0.598627f, 0.547476f, 0.828972f, 0.176323f, 0.0383371f, 0.48829f, 0.884875f, 0.909423f, 0.791092f, 0.466678f, 0.22844f, 0.167518f, 0.36654f, 0.844633f, 0.270837f, 0.320448f }
};

static const float matrix_B[32][32] = {
  { 0.521147f, 0.620039f, 0.9234f, 0.213878f, 0.0724098f, 0.612478f, 0.33294f, 0.0973429f, 0.633877f, 0.0683981f, 0.675894f, 0.426546f, 0.400844f, 0.7217f, 0.649134f, 0.409049f, 0.698454f, 0.916046f, 0.409516f, 0.323743f, 0.182631f, 0.454245f, 0.842795f, 0.825307f, 0.501827f, 0.231972f, 0.311688f, 0.675233f, 0.174621f, 0.313269f, 0.948678f, 0.915505f },
  { 0.188674f, 0.633443f, 0.27842f, 0.382039f, 0.729448f, 0.683628f, 0.187515f, 0.414744f, 0.102235f, 0.480142f, 0.673644f, 0.701704f, 0.563415f, 0.186561f, 0.140959f, 0.922081f, 0.981598f, 0.62336f, 0.232995f, 0.714724f, 0.796984f, 0.281162f, 0.992576f, 0.370609f, 0.949757f, 0.0571552f, 0.895314f, 0.0831518f, 0.250494f, 0.878511f, 0.56112f, 0.731969f },
  { 0.173929f, 0.515879f, 0.0596271f, 0.546568f, 0.272244f, 0.533872f, 0.685718f, 0.758891f, 0.290408f, 0.354013f, 0.596398f, 0.710988f, 0.630964f, 0.874352f, 0.98537f, 0.718568f, 0.418812f, 0.196865f, 0.415586f, 0.837509f, 0.333385f, 0.578691f, 0.191401f, 0.462519f, 0.177189f, 0.108131f, 0.746004f, 0.754335f, 0.924749f, 0.932784f, 0.218773f, 0.329407f },
  { 0.654353f, 0.625056f, 0.847795f, 0.293053f, 0.441851f, 0.613033f, 0.320891f, 0.829031f, 0.48645f, 0.819124f, 0.93343f, 0.471496f, 0.234816f, 0.975378f, 0.0925866f, 0.731606f, 0.584237f, 0.226448f, 0.630296f, 0.792374f, 0.590712f, 0.821068f, 0.628136f, 0.193574f, 0.984321f, 0.690764f, 0.540474f, 0.500821f, 0.327222f, 0.951595f, 0.942197f, 0.34133f },
  { 0.624326f, 0.124912f, 0.968561f, 0.900983f, 0.855007f, 0.191279f, 0.909776f, 0.937486f, 0.121131f, 0.187505f, 0.694071f, 0.556793f, 0.870369f, 0.694827f, 0.957881f, 0.460513f, 0.263556f, 0.0536443f, 0.378827f, 0.102209f, 0.347663f, 0.796491f, 0.799469f, 0.209723f, 0.442403f, 0.0888073f, 0.0604087f, 0.178151f, 0.345648f, 0.702307f, 0.585478f, 0.893905f },
  { 0.585986f, 0.604055f, 0.769436f, 0.427915f, 0.0646695f, 0.470605f, 0.523826f, 0.794299f, 0.197691f, 0.359912f, 0.123534f, 0.852691f, 0.594637f, 0.351862f, 0.682414f, 0.260921f, 0.073743f, 0.841992f, 0.577715f, 0.478195f, 0.0251195f, 0.0280596f, 0.387858f, 0.328784f, 0.0905325f, 0.320549f, 0.0174718f, 0.646832f, 0.770424f, 0.129909f, 0.349759f, 0.519138f },
  { 0.65377f, 0.00411788f, 0.653994f, 0.967354f, 0.739368f, 0.581442f, 0.221788f, 0.0887626f, 0.221814f, 0.632476f, 0.806761f, 0.380098f, 0.690797f, 0.65264f, 0.875132f, 0.368111f, 0.068111f, 0.80156f, 0.259648f, 0.452247f, 0.349934f, 0.684128f, 0.994055f, 0.998035f, 0.15524f, 0.847194f, 0.0853405f, 0.737377f, 0.946282f, 0.52789f, 0.150953f, 0.754112f },
  { 0.229718f, 0.089972f, 0.537052f, 0.100709f, 0.0678628f, 0.31385f, 0.309076f, 0.232374f, 0.254754f, 0.274357f, 0.933348f, 0.905161f, 0.837812f, 0.565271f, 0.69929f, 0.978715f, 0.637989f, 0.139381f, 0.137732f, 0.618923f, 0.490495f, 0.975671f, 0.0613636f, 0.168447f, 0.261358f, 0.0285545f, 0.245436f, 0.631135f, 0.786682f, 0.314108f, 0.170548f, 0.17896f },
  { 0.926042f, 0.197144f, 0.395818f, 0.989462f, 0.352541f, 0.81093f, 0.416316f, 0.662543f, 0.161568f, 0.26533f, 0.537919f, 0.919383f, 0.036353f, 0.23856f, 0.573696f, 0.998316f, 0.90652f, 0.869419f, 0.100882f, 0.208436f, 0.344617f, 0.610221f, 0.585044f, 0.517472f, 0.503505f, 0.168164f, 0.752996f, 0.425742f, 0.0802687f, 0.485846f, 0.437192f, 0.0858953f },
  { 0.605404f, 0.837753f, 0.413223f, 0.354567f, 0.81756f, 0.731295f, 0.0044385f, 0.690425f, 0.985345f, 0.659914f, 0.0846197f, 0.730087f, 0.196523f, 0.147513f, 0.103352f, 0.281145f, 0.407707f, 0.76037f, 0.260159f, 0.765819f, 0.654995f, 0.727924f, 0.297743f, 0.326937f, 0.281404f, 0.52022f, 0.864863f, 0.149176f, 0.60373f, 0.624924f, 0.511616f, 0.584879f },
  { 0.784801f, 0.798332f, 0.738908f, 0.432956f, 0.107253f, 0.456698f, 0.648888f, 0.961773f, 0.59831f, 0.0745316f, 0.670335f, 0.187785f, 0.272847f, 0.0893183f, 0.587683f, 0.57505f, 0.107848f, 0.643483f, 0.107438f, 0.290676f, 0.425679f, 0.808708f, 0.604344f, 0.880542f, 0.478011f, 0.737124f, 0.435265f, 0.816404f, 0.243839f, 0.281169f, 0.563202f, 0.771438f },
  { 0.703215f, 0.649764f, 0.0037486f, 0.47835f, 0.880548f, 0.767418f, 0.846629f, 0.300048f, 0.772776f, 0.230139f, 0.818479f, 0.842114f, 0.996753f, 0.61072f, 0.545444f, 0.447438f, 0.727332f, 0.522758f, 0.251675f, 0.0900518f, 0.794037f, 0.858866f, 0.781315f, 0.0151986f, 0.204648f, 0.738849f, 0.318234f, 0.567546f, 0.83326f, 0.216633f, 0.468541f, 0.224237f },
  { 0.580331f, 0.113631f, 0.323521f, 0.604224f, 0.490354f, 0.453702f, 0.883626f, 0.576818f, 0.778268f, 0.687051f, 0.117571f, 0.448591f, 0.0633962f, 0.758834f, 0.259178f, 0.294245f, 0.941114f, 0.0263808f, 0.925683f, 0.229823f, 0.633518f, 0.21414f, 0.297126f, 0.176569f, 0.203778f, 0.186814f, 0.0866433f, 0.15205f, 0.214217f, 0.619283f, 0.722626f, 0.00627018f },
  { 0.803954f, 0.738794f, 0.701213f, 0.61134f, 0.883852f, 0.381342f, 0.486463f, 0.792191f, 0.438201f, 0.0395164f, 0.960902f, 0.687928f, 0.0386607f, 0.0627465f, 0.930641f, 0.46353f, 0.779547f, 0.667022f, 0.96805f, 0.346271f, 0.452254f, 0.334798f, 0.215603f, 0.690575f, 0.572656f, 0.305705f, 0.1253f, 0.214429f, 0.612002f, 0.500752f, 0.503004f, 0.0537829f },
  { 0.440189f, 0.352274f, 0.269545f, 0.209143f, 0.757843f, 0.830715f, 0.534023f, 0.311698f, 0.0975596f, 0.652316f, 0.762148f, 0.854737f, 0.644826f, 0.810738f, 0.143407f, 0.562638f, 0.973142f, 0.507736f, 0.230012f, 0.980099f, 0.472311f, 0.865328f, 0.149217f, 0.105354f, 0.125005f, 0.156357f, 0.722162f, 0.380845f, 0.138437f, 0.753568f, 0.965043f, 0.953086f },
  { 0.198738f, 0.75355f, 0.3926f, 0.250517f, 0.657657f, 0.679836f, 0.771468f, 0.412884f, 0.89037f, 0.0318147f, 0.446048f, 0.610564f, 0.565687f, 0.403428f, 0.676784f, 0.574696f, 0.532704f, 0.259651f, 0.798832f, 0.962507f, 0.936689f, 0.986884f, 0.4606f, 0.345604f, 0.0425631f, 0.0842563f, 0.030169f, 0.419754f, 0.674506f, 0.610465f, 0.8995f, 0.468754f },
  { 0.538977f, 0.170409f, 0.934467f, 0.863535f, 0.567185f, 0.918228f, 0.640075f, 0.244846f, 0.423518f, 0.556619f, 0.963355f, 0.216762f, 0.92056f, 0.933237f, 0.119162f, 0.670876f, 0.827742f, 0.454668f, 0.996886f, 0.244333f, 0.646238f, 0.597243f, 0.749658f, 0.14145f, 0.26499f, 0.453869f, 0.166084f, 0.309179f, 0.769775f, 0.822676f, 0.474175f, 0.249822f },
  { 0.124151f, 0.234322f, 0.717518f, 0.831224f, 0.303494f, 0.783805f, 0.481696f, 0.759947f, 0.898127f, 0.747035f, 0.294226f, 0.976539f, 0.52018f, 0.171641f, 0.0431049f, 0.906308f, 0.249273f, 0.245793f, 0.784748f, 0.947697f, 0.898253f, 0.293312f, 0.570033f, 0.12481f, 0.0420962f, 0.0363638f, 0.33166f, 0.0392515f, 0.211688f, 0.824447f, 0.471379f, 0.650111f },
  { 0.581744f, 0.887228f, 0.329945f, 0.1473f, 0.932041f, 0.206579f, 0.730831f, 0.53613f, 0.922156f, 0.543804f, 0.316891f, 0.358857f, 0.896508f, 0.500287f, 0.955771f, 0.161412f, 0.927271f, 0.845401f, 0.554585f, 0.736321f, 0.0476853f, 0.827054f, 0.988289f, 0.00349677f, 0.685278f, 0.452678f, 0.546561f, 0.304779f, 0.297968f, 0.265902f, 0.50222f, 0.119298f },
  { 0.0981868f, 0.133103f, 0.193021f, 0.412113f, 0.534888f, 0.225501f, 0.697872f, 0.00229583f, 0.997236f, 0.783101f, 0.55491f, 0.755205f, 0.00282047f, 0.394742f, 0.319723f, 0.112862f, 0.987191f, 0.179154f, 0.704886f, 0.108244f, 0.667848f, 0.923109f, 0.482753f, 0.0896551f, 0.112405f, 0.825132f, 0.931681f, 0.347212f, 0.371735f, 0.0395881f, 0.375912f, 0.246511f },
  { 0.087589f, 0.458838f, 0.910368f, 0.219082f, 0.905481f, 0.724959f, 0.191804f, 0.998965f, 0.0298634f, 0.534352f, 0.326213f, 0.332376f, 0.444907f, 0.00116685f, 0.145147f, 0.338975f, 0.355941f, 0.451751f, 0.615746f, 0.516649f, 0.0211959f, 0.32101f, 0.52505f, 0.910497f, 0.692948f, 0.898065f, 0.41284f, 0.918078f, 0.752026f, 0.0915228f, 0.677317f, 0.974517f },
  { 0.203611f, 0.760586f, 0.733788f, 0.978516f, 0.0328478f, 0.194648f, 0.351996f, 0.72864f, 0.491967f, 0.259041f, 0.380786f, 0.221999f, 0.163491f, 0.663259f, 0.339333f, 0.346524f, 0.365949f, 0.546921f, 0.00501335f, 0.560482f, 0.903154f, 0.0439237f, 0.846867f, 0.138075f, 0.102715f, 0.734605f, 0.46804f, 0.15423f, 0.464158f, 0.322082f, 0.196359f, 0.543396f },
  { 0.393484f, 0.832801f, 0.950188f, 0.283068f, 0.751477f, 0.561749f, 0.16321f, 0.158371f, 0.950522f, 0.189175f, 0.735256f, 0.940263f, 0.506081f, 0.556537f, 0.731582f, 0.0874716f, 0.331996f, 0.23702f, 0.271968f, 0.277595f, 0.454439f, 0.0707203f, 0.636823f, 0.197291f, 0.62834f, 0.917651f, 0.850679f, 0.526087f, 0.927515f, 0.667674f, 0.868733f, 0.753415f },
  { 0.576258f, 0.337732f, 0.465753f, 0.0324894f, 0.662947f, 0.744725f, 0.854678f, 0.330719f, 0.878342f, 0.326539f, 0.774226f, 0.223817f, 0.338369f, 0.557083f, 0.916638f, 0.811149f, 0.313808f, 0.679676f, 0.439759f, 0.252447f, 0.866743f, 0.105065f, 0.150517f, 0.962129f, 0.965011f, 0.436425f, 0.293188f, 0.800879f, 0.986588f, 0.361813f, 0.126673f, 0.0557589f },
  { 0.802445f, 0.624871f, 0.291291f, 0.39642f, 0.0326575f, 0.211118f, 0.257163f, 0.17941f, 0.446577f, 0.959533f, 0.332989f, 0.91484f, 0.103596f, 0.48422f, 0.645959f, 0.432086f, 0.153015f, 0.180753f, 0.865993f, 0.583221f, 0.102878f, 0.660362f, 0.696267f, 0.182394f, 0.600992f, 0.685022f, 0.783936f, 0.610415f, 0.551994f, 0.605121f, 0.669052f, 0.394937f },
  { 0.352961f, 0.534399f, 0.237035f, 0.24439f, 0.00169324f, 0.771204f, 0.410194f, 0.575369f, 0.249511f, 0.027077f, 0.741721f, 0.760864f, 0.749524f, 0.881316f, 0.805099f, 0.862996f, 0.152627f, 0.655234f, 0.578021f, 0.316576f, 0.302918f, 0.663098f, 0.990715f, 0.708299f, 0.276062f, 0.731089f, 0.75712f, 0.784459f, 0.213157f, 0.117522f, 0.0711565f, 0.25976f },
  { 0.689873f, 0.00420887f, 0.52851f, 0.0696996f, 0.651915f, 0.0916954f, 0.783943f, 0.853295f, 0.462458f, 0.980906f, 0.238069f, 0.0752282f, 0.895023f, 0.188593f, 0.243842f, 0.082126f, 0.476969f, 0.797987f, 0.160374f, 0.905969f, 0.387808f, 0.310245f, 0.275174f, 0.166498f, 0.277364f, 0.143365f, 0.164872f, 0.637075f, 0.138636f, 0.463524f, 0.534111f, 0.307114f },
  { 0.591478f, 0.671284f, 0.106223f, 0.865381f, 0.184838f, 0.201582f, 0.143042f, 0.578321f, 0.157967f, 0.243643f, 0.97628f, 0.819922f, 0.573064f, 0.782937f, 0.135823f, 0.876874f, 0.973642f, 0.137491f, 0.2888f, 0.704716f, 0.239258f, 0.832717f, 0.406468f, 0.405631f, 0.283959f, 0.77149f, 0.959361f, 0.51342f, 0.818642f, 0.542711f, 0.771565f, 0.27908f },
  { 0.410496f, 0.756346f, 0.166025f, 0.587686f, 0.539136f, 0.590528f, 0.656297f, 0.100701f, 0.285111f, 0.357188f, 0.744906f, 0.854339f, 0.101347f, 0.588123f, 0.408077f, 0.386913f, 0.378735f, 0.0609516f, 0.121471f, 0.40015f, 0.431578f, 0.906686f, 0.843033f, 0.131005f, 0.806835f, 0.230167f, 0.155415f, 0.153958f, 0.337642f, 0.690237f, 0.531811f, 0.508326f },
  { 0.303712f, 0.200427f, 0.106445f, 0.0728784f, 0.609854f, 0.938776f, 0.673174f, 0.53555f, 0.26589f, 0.901728f, 0.899443f, 0.799449f, 0.967995f, 0.296147f, 0.694777f, 0.924598f, 0.672791f, 0.273484f, 0.264406f, 0.911854f, 0.0976187f, 0.90528f, 0.767737f, 0.471855f, 0.259155f, 0.517538f, 0.549964f, 0.164777f, 0.937814f, 0.0557147f, 0.497869f, 0.428095f },
  { 0.726879f, 0.58487f, 0.812071f, 0.212681f, 0.160809f, 0.297104f, 0.138973f, 0.600197f, 0.530804f, 0.17478f, 0.867962f, 0.862141f, 0.762025f, 0.700007f, 0.29692f, 0.00685697f, 0.663145f, 0.0602353f, 0.330152f, 0.496403f, 0.97507f, 0.0102069f, 0.199936f, 0.484558f, 0.964103f, 0.00788739f, 0.502021f, 0.407296f, 0.771224f, 0.970235f, 0.174791f, 0.174334f },
  { 0.898013f, 0.270717f, 0.420151f, 0.0328236f, 0.317574f, 0.796253f, 0.858423f, 0.986357f, 0.626266f, 0.0917442f, 0.365733f, 0.509214f, 0.00669623f, 0.362099f, 0.0567421f, 0.984512f, 0.947308f, 0.303237f, 0.567501f, 0.862361f, 0.0635434f, 0.206024f, 0.326665f, 0.705786f, 0.286438f, 0.919102f, 0.788116f, 0.395508f, 0.792338f, 0.946439f, 0.670113f, 0.788976f }
};

static const float matrix_C[32][32] = {
  { 9.005f, 8.45643f, 9.09598f, 6.86996f, 9.72836f, 10.1643f, 9.7434f, 9.65122f, 10.2358f, 7.98461f, 10.7484f, 10.6609f, 9.52883f, 8.67241f, 9.37516f, 9.3181f, 10.1766f, 8.23224f, 8.33685f, 10.0213f, 8.54474f, 9.83865f, 9.61448f, 7.39594f, 7.59166f, 7.80333f, 7.968f, 8.42714f, 10.5186f, 9.45055f, 9.42709f, 7.98679f },
  { 7.3226f, 7.08651f, 8.52917f, 6.39809f, 6.75372f, 7.73991f, 6.54288f, 7.8214f, 6.74365f, 5.93532f, 9.14272f, 8.76384f, 7.82526f, 7.7304f, 7.19638f, 7.73796f, 7.89827f, 7.19436f, 6.65685f, 7.65339f, 6.28873f, 7.87179f, 8.60623f, 6.17943f, 6.79253f, 6.39672f, 6.50463f, 7.25577f, 7.38204f, 7.27267f, 7.73336f, 6.79447f },
  { 8.34991f, 7.02563f, 7.68993f, 6.95399f, 7.75808f, 9.44342f, 8.61059f, 8.50157f, 7.86036f, 7.85896f, 10.2003f, 10.3882f, 8.37651f, 8.26679f, 7.6996f, 9.8481f, 9.63559f, 7.36391f, 7.57858f, 9.55236f, 7.17651f, 9.7797f, 9.28656f, 5.97893f, 6.62903f, 7.33616f, 8.19436f, 7.48261f, 8.52444f, 8.66389f, 8.59303f, 7.04009f },
  { 6.04378f, 7.07301f, 6.95103f, 5.58653f, 6.51662f, 7.49484f, 6.84502f, 7.84348f, 6.84291f, 6.19408f, 7.88058f, 9.33649f, 6.50117f, 6.58982f, 6.22244f, 7.61151f, 7.67368f, 5.22561f, 6.68038f, 8.65541f, 5.89572f, 8.07623f, 7.90494f, 4.55274f, 5.40263f, 6.47284f, 6.56978f, 5.52372f, 7.51456f, 6.87256f, 7.82167f, 6.79873f },
  { 8.51528f, 8.2161f, 8.61939f, 7.75561f, 8.04935f, 8.89633f, 8.6191f, 8.66145f, 8.829f, 6.59702f, 10.2665f, 10.7256f, 7.8417f, 8.80169f, 8.08065f, 8.32886f, 9.44156f, 7.08222f, 7.93282f, 8.40069f, 8.51929f, 9.3762f, 8.56623f, 5.88542f, 6.29391f, 6.95566f, 7.63253f, 7.12716f, 8.66039f, 9.15518f, 8.88402f, 7.49192f },
  { 7.12244f, 6.2256f, 6.74735f, 6.55154f, 7.35214f, 8.33401f, 7.73841f, 7.60724f, 7.45842f, 7.51294f, 7.73331f, 9.62478f, 6.92983f, 6.81836f, 6.69751f, 7.94577f, 8.63986f, 7.02027f, 7.17897f, 8.62278f, 6.95704f, 8.1768f, 8.31968f, 5.42276f, 4.90796f, 6.50367f, 7.09701f, 6.26411f, 7.5037f, 7.32497f, 7.87545f, 7.07102f },
  { 8.10461f, 7.37694f, 8.36497f, 7.28313f, 7.53908f, 9.20552f, 7.26245f, 8.17875f, 7.26056f, 6.81446f, 10.3932f, 10.8425f, 8.29201f, 8.77612f, 8.14105f, 8.85894f, 8.48621f, 7.22656f, 7.03866f, 8.51335f, 7.81988f, 9.25204f, 8.74827f, 6.7045f, 6.70093f, 6.64421f, 7.51147f, 7.55764f, 8.79868f, 8.61202f, 8.08649f, 7.47471f },
  { 8.46268f, 8.64693f, 8.8341f, 7.69305f, 8.50193f, 9.11073f, 8.66986f, 9.1807f, 8.74686f, 6.47288f, 9.6101f, 10.3796f, 7.96723f, 7.88405f, 7.94871f, 8.27083f, 9.64723f, 7.42152f, 6.71152f, 8.27192f, 7.8094f, 9.01784f, 10.2819f, 5.77981f, 7.10654f, 7.59485f, 7.74132f, 6.37266f, 8.8875f, 8.37335f, 8.94392f, 8.03926f },
  { 7.96408f, 7.65801f, 7.79135f, 7.72174f, 7.41091f, 8.62326f, 7.58557f, 9.47426f, 7.22493f, 6.48352f, 9.23246f, 10.1791f, 6.62007f, 8.09972f, 6.41734f, 9.13654f, 8.93444f, 5.88329f, 6.84217f, 9.14503f, 7.84751f, 8.34542f, 8.26974f, 5.82563f, 6.89745f, 6.75476f, 7.83903f, 6.47217f, 8.39174f, 9.60221f, 8.51398f, 7.42068f },
  { 8.06573f, 7.2554f, 7.46068f, 6.42302f, 8.39142f, 8.75642f, 8.37238f, 9.23687f, 8.04548f, 7.60797f, 9.83705f, 10.4772f, 8.00852f, 8.28657f, 7.51219f, 8.68853f, 10.4599f, 6.16408f, 7.77933f, 9.61933f, 7.52053f, 9.4291f, 7.47185f, 6.20315f, 6.57228f, 6.87275f, 8.4694f, 7.21481f, 9.45381f, 8.89018f, 8.91341f, 6.8068f },
  { 9.31021f, 8.52966f, 9.66063f, 8.00433f, 9.53663f, 9.88499f, 9.21481f, 10.0499f, 8.28937f, 8.2484f, 11.0859f, 11.0717f, 8.52846f, 8.93363f, 8.99236f, 9.40591f, 10.0118f, 7.82712f, 8.11788f, 9.84757f, 8.43535f, 9.36117f, 9.96065f, 7.12593f, 8.69169f, 7.24214f, 8.11182f, 7.74322f, 9.40311f, 10.2042f, 9.75412f, 8.53457f },
  { 8.24643f, 7.02557f, 8.46073f, 6.64473f, 7.37922f, 8.63705f, 8.1973f, 8.26453f, 7.94116f, 6.17816f, 9.89346f, 9.88211f, 7.45358f, 8.33558f, 8.62336f, 8.99528f, 8.33939f, 6.41352f, 7.21264f, 8.26244f, 7.53583f, 8.4858f, 8.44056f, 6.39667f, 6.50479f, 7.17218f, 7.11661f, 6.90403f, 9.21428f, 8.45469f, 7.87574f, 7.05101f },
  { 8.52033f, 8.32674f, 8.91939f, 6.70998f, 8.10755f, 8.93148f, 8.89804f, 8.82847f, 8.92606f, 6.60644f, 9.66856f, 10.5019f, 8.37456f, 7.64277f, 9.15242f, 8.53349f, 8.87234f, 8.07205f, 8.17886f, 8.67566f, 7.31704f, 9.353f, 8.93734f, 6.45787f, 6.64408f, 6.85519f, 6.77908f, 7.98031f, 8.86473f, 7.83967f, 8.98297f, 7.4267f },
  { 7.87589f, 8.06451f, 7.88607f, 7.36604f, 7.65043f, 7.88502f, 7.70592f, 8.07151f, 8.22639f, 7.03166f, 9.62636f, 10.5551f, 7.44755f, 8.40324f, 8.1048f, 7.98182f, 8.63268f, 6.62912f, 6.8243f, 8.58503f, 8.16403f, 9.23143f, 8.75493f, 5.8685f, 7.07951f, 7.02073f, 8.15966f, 7.04336f, 8.68152f, 8.64808f, 7.84094f, 7.34224f },
  { 8.9715f, 7.64672f, 9.41255f, 7.41224f, 8.82055f, 8.76668f, 8.63251f, 9.12921f, 8.66983f, 7.62808f, 10.0842f, 10.0309f, 8.6496f, 8.45423f, 8.58079f, 8.44162f, 9.29468f, 7.7419f, 7.5721f, 8.46931f, 7.83503f, 9.42228f, 9.62245f, 6.57818f, 7.45369f, 7.49745f, 7.26164f, 7.90306f, 8.89481f, 8.77975f, 8.99713f, 8.05319f },
  { 8.88393f, 8.42842f, 8.64997f, 6.62572f, 7.67233f, 9.77805f, 8.1901f, 9.10001f, 8.21126f, 7.06192f, 10.3235f, 11.173f, 8.76729f, 8.42505f, 8.33361f, 9.48885f, 9.37576f, 8.32771f, 7.1403f, 9.48773f, 7.42716f, 9.47875f, 9.64321f, 7.24031f, 7.10415f, 7.96813f, 8.95448f, 8.35883f, 9.17229f, 8.55181f, 9.08007f, 8.70571f },
  { 9.46915f, 9.05662f, 9.45623f, 8.74788f, 9.04187f, 10.5359f, 9.9973f, 10.1664f, 8.92244f, 7.7926f, 11.6573f, 12.2602f, 9.86715f, 10.0644f, 9.77586f, 10.2464f, 10.8348f, 8.39766f, 9.25523f, 10.2845f, 8.9107f, 10.7561f, 10.8068f, 7.67581f, 7.6727f, 7.61701f, 8.07625f, 8.97499f, 10.0755f, 9.87018f, 10.1551f, 8.54074f },
  { 7.72923f, 7.72645f, 8.30766f, 6.66559f, 6.72893f, 7.85625f, 7.10481f, 8.29646f, 6.99281f, 6.23805f, 9.55948f, 9.67674f, 7.15967f, 7.65867f, 7.81854f, 7.75635f, 8.46093f, 7.03111f, 6.29849f, 7.99132f, 7.00372f, 8.72405f, 8.83801f, 5.90513f, 6.7967f, 6.24464f, 6.66452f, 6.59584f, 7.6574f, 7.31124f, 7.86186f, 6.60887f },
  { 10.4398f, 9.09307f, 10.3061f, 9.16315f, 9.56181f, 11.4337f, 10.5159f, 11.5008f, 9.36555f, 8.8209f, 12.2778f, 12.7398f, 10.2129f, 9.98578f, 9.20368f, 11.3529f, 11.2518f, 8.71571f, 9.14054f, 11.194f, 10.1485f, 11.1809f, 10.7696f, 7.467f, 7.94311f, 8.13715f, 8.88062f, 8.73473f, 10.6965f, 11.0933f, 10.4216f, 9.10457f },
  { 7.47856f, 7.06123f, 7.88584f, 7.17561f, 8.11591f, 8.78968f, 7.40527f, 7.67008f, 6.44338f, 6.08942f, 10.182f, 9.6088f, 7.95248f, 8.07567f, 7.751f, 8.89409f, 8.53659f, 7.27563f, 6.18327f, 7.74562f, 7.59052f, 9.17145f, 9.27964f, 6.22517f, 6.69478f, 6.78413f, 6.95397f, 7.05904f, 8.21816f, 7.91356f, 7.72363f, 7.60969f },
  { 6.89934f, 6.50255f, 7.49297f, 5.53884f, 6.33701f, 7.84866f, 7.5716f, 6.73702f, 7.94754f, 5.27296f, 8.96934f, 8.6191f, 7.11254f, 7.48237f, 6.5889f, 7.09515f, 8.0003f, 6.37083f, 5.78067f, 7.17599f, 7.31294f, 7.50983f, 7.90617f, 5.66437f, 5.4998f, 6.98398f, 6.68647f, 6.9826f, 7.70093f, 6.98675f, 7.11798f, 6.8789f },
  { 8.37796f, 8.90548f, 7.27067f, 7.22763f, 7.86617f, 9.26486f, 8.43136f, 8.64537f, 8.31883f, 7.01933f, 10.2907f, 10.712f, 7.25711f, 8.79067f, 8.70963f, 9.10897f, 8.80605f, 7.43091f, 8.09113f, 8.66793f, 7.71934f, 9.49313f, 9.16996f, 6.93112f, 7.21973f, 8.08035f, 7.97477f, 8.03473f, 9.65813f, 8.34297f, 8.39215f, 6.81541f },
  { 7.73947f, 6.73597f, 8.69354f, 6.56136f, 8.30114f, 8.40178f, 7.8955f, 9.03953f, 7.67067f, 6.94278f, 9.56484f, 8.98896f, 8.90785f, 7.4223f, 6.98358f, 7.91418f, 9.01343f, 6.90093f, 6.79483f, 8.86199f, 7.28505f, 8.73354f, 8.41974f, 6.3026f, 6.29536f, 6.74741f, 7.27523f, 7.12267f, 8.64998f, 8.65469f, 8.1422f, 8.03515f },
  { 8.59775f, 7.1786f, 8.0162f, 7.20436f, 8.21823f, 8.8505f, 8.17403f, 9.31629f, 6.68072f, 6.73143f, 9.64945f, 10.1599f, 8.37772f, 7.95063f, 8.02055f, 8.64931f, 9.66182f, 7.60144f, 7.3477f, 8.34111f, 6.81651f, 8.55387f, 8.54204f, 6.61399f, 6.60468f, 6.31241f, 7.21801f, 7.38237f, 8.41267f, 8.20052f, 8.76459f, 7.1366f },
  { 9.82288f, 8.73327f, 9.43947f, 7.823f, 9.29699f, 9.73128f, 9.55202f, 9.83638f, 9.94677f, 8.02211f, 10.9009f, 10.9047f, 8.94834f, 9.66894f, 8.89755f, 8.92918f, 10.2611f, 8.21667f, 8.61905f, 10.1411f, 8.99389f, 9.82606f, 8.98232f, 6.88909f, 7.36239f, 8.11402f, 7.95804f, 8.39053f, 10.8254f, 10.3301f, 9.24524f, 7.5573f },
  { 7.59917f, 6.22637f, 7.84662f, 5.50711f, 7.12753f, 7.36568f, 7.34311f, 7.38767f, 6.85114f, 6.4136f, 8.97625f, 8.08615f, 8.15427f, 7.02926f, 8.34056f, 6.74339f, 6.87108f, 7.15541f, 6.77423f, 7.05366f, 6.08908f, 7.98947f, 8.60985f, 6.67f, 6.31105f, 6.48078f, 5.79932f, 7.24529f, 7.86597f, 6.35803f, 6.80254f, 6.4605f },
  { 7.46858f, 6.74745f, 7.65395f, 6.76652f, 7.84379f, 8.03107f, 8.58692f, 8.54167f, 7.41811f, 6.25692f, 9.20997f, 8.85421f, 7.36715f, 7.86615f, 8.30375f, 7.78897f, 8.10042f, 6.74001f, 6.4948f, 7.8683f, 6.85639f, 8.81038f, 8.09441f, 6.71138f, 5.66741f, 7.01853f, 6.54704f, 7.37926f, 8.6181f, 7.43154f, 7.74402f, 7.53416f },
  { 8.9679f, 8.03124f, 9.63396f, 8.78106f, 7.84729f, 8.91747f, 9.04869f, 10.042f, 7.79763f, 6.88534f, 10.6721f, 10.2064f, 8.92077f, 8.80917f, 9.54428f, 9.12479f, 9.28332f, 8.30192f, 7.41499f, 9.05126f, 8.22624f, 9.12753f, 9.59186f, 7.65646f, 7.08175f, 6.96919f, 6.9936f, 8.47646f, 9.82243f, 8.98472f, 8.26447f, 7.59177f },
  { 7.34415f, 7.03966f, 8.06657f, 7.11218f, 7.33386f, 7.74507f, 6.9649f, 8.05449f, 7.07581f, 6.66223f, 8.36682f, 9.60186f, 7.24715f, 7.03339f, 7.19781f, 6.99803f, 7.96262f, 6.47229f, 7.01562f, 7.58987f, 6.79316f, 7.43663f, 7.83241f, 4.96601f, 5.94137f, 6.04067f, 6.4538f, 6.35812f, 7.81742f, 7.74972f, 7.42449f, 6.46049f },
  { 8.86232f, 8.98084f, 9.04658f, 8.01337f, 9.45118f, 10.1884f, 9.5271f, 10.0497f, 9.07473f, 7.85797f, 11.2675f, 11.3397f, 8.8968f, 8.78254f, 9.20214f, 10.0495f, 10.2933f, 8.60218f, 7.75677f, 9.89595f, 9.36977f, 10.409f, 9.67523f, 6.57416f, 7.89731f, 7.39215f, 8.32949f, 8.21842f, 9.45976f, 9.36013f, 9.11557f, 7.51997f },
  { 8.23866f, 7.39533f, 7.98289f, 7.72527f, 7.63822f, 8.96488f, 8.27587f, 8.48261f, 8.62581f, 7.2688f, 10.1073f, 10.4981f, 7.83029f, 8.21011f, 7.7874f, 9.0444f, 10.0333f, 7.41728f, 7.85409f, 8.63614f, 8.3835f, 8.89275f, 8.5252f, 6.06086f, 6.23323f, 6.93046f, 8.1508f, 6.80225f, 8.65851f, 8.25461f, 8.06154f, 6.25858f },
  { 7.96212f, 7.32601f, 7.47981f, 6.59049f, 7.63436f, 9.15722f, 7.79305f, 7.04063f, 8.30969f, 6.88593f, 9.41657f, 9.96721f, 7.66572f, 7.83237f, 8.18994f, 8.83774f, 9.17024f, 7.55002f, 6.77394f, 8.17383f, 7.60039f, 8.45536f, 9.23563f, 6.01523f, 6.71547f, 6.61085f, 7.53209f, 6.69557f, 8.32725f, 7.91518f, 8.09766f, 6.69958f }
};

#endif // MATRICES_HPP