#ifndef MATRICES_HPP
#define MATRICES_HPP

// Generated matrices
static const float matrix_A[4][4] = {
  { 0.969514f, 0.0547167f, 0.197051f, 0.519646f },
  { 0.494962f, 0.814689f, 0.67803f, 0.360172f },
  { 0.444787f, 0.775172f, 0.475249f, 0.402188f },
  { 0.119619f, 0.460721f, 0.454614f, 0.276765f }
};

static const float matrix_B[4][4] = {
  { 0.172063f, 0.762606f, 0.770792f, 0.951731f },
  { 0.224273f, 0.940069f, 0.705824f, 0.255635f },
  { 0.306512f, 0.221333f, 0.477616f, 0.801615f },
  { 0.84537f, 0.827827f, 0.742527f, 0.0848098f }
};

static const float matrix_C[4][4] = {
  { 0.67878f, 1.26459f, 1.26588f, 1.13873f },
  { 0.780181f, 1.59156f, 1.54781f, 1.2534f },
  { 0.736049f, 1.50604f, 1.4156f, 1.03655f },
  { 0.497223f, 0.854066f, 0.840025f, 0.619519f }
};

#endif // MATRICES_HPP