#ifndef MATRICES_HPP
#define MATRICES_HPP

// Generated matrices
static const float matrix_A[8][8] = {
  { 0.1888f, 0.241772f, 0.564975f, 0.00193475f, 0.0377927f, 0.173307f, 0.229647f, 0.584329f },
  { 0.424141f, 0.811393f, 0.16557f, 0.503678f, 0.756465f, 0.893188f, 0.14363f, 0.462323f },
  { 0.58102f, 0.0716172f, 0.311231f, 0.379288f, 0.21332f, 0.957958f, 0.854157f, 0.72839f },
  { 0.731742f, 0.0812254f, 0.338563f, 0.984691f, 0.328919f, 0.612982f, 0.0579112f, 0.615858f },
  { 0.140066f, 0.983388f, 0.129948f, 0.957441f, 0.808527f, 0.907907f, 0.0240986f, 0.686521f },
  { 0.173328f, 0.689319f, 0.390707f, 0.540156f, 0.22325f, 0.322558f, 0.845175f, 0.463677f },
  { 0.11454f, 0.654441f, 0.449648f, 0.711145f, 0.173613f, 0.460891f, 0.195863f, 0.0191769f },
  { 0.932077f, 0.917891f, 0.79093f, 0.748482f, 0.820669f, 0.796231f, 0.327266f, 0.551748f }
};

static const float matrix_B[8][8] = {
  { 0.665176f, 0.279621f, 0.708971f, 0.809154f, 0.151458f, 0.368832f, 0.382633f, 0.864505f },
  { 0.280077f, 0.682456f, 0.763479f, 0.138143f, 0.882125f, 0.621849f, 0.385709f, 0.814151f },
  { 0.450823f, 0.03635f, 0.772373f, 0.536208f, 0.248053f, 0.983148f, 0.107271f, 0.935946f },
  { 0.929865f, 0.115697f, 0.364024f, 0.776042f, 0.915097f, 0.974734f, 0.936717f, 0.368349f },
  { 0.432992f, 0.942517f, 0.32008f, 0.884992f, 0.646833f, 0.367032f, 0.154672f, 0.102348f },
  { 0.184822f, 0.101311f, 0.742737f, 0.658002f, 0.160296f, 0.954146f, 0.727288f, 0.899742f },
  { 0.886339f, 0.686519f, 0.843384f, 0.566085f, 0.867962f, 0.883106f, 0.210227f, 0.0119725f },
  { 0.763218f, 0.987653f, 0.944104f, 0.687981f, 0.0440239f, 0.299551f, 0.701742f, 0.960771f }
};

static const float matrix_C[8][8] = {
  { 1.14771f, 1.0265f, 1.64168f, 1.1701f, 0.661058f, 1.33439f, 0.818128f, 1.61351f },
  { 2.02516f, 2.09532f, 2.69457f, 2.5915f, 2.05947f, 2.70994f, 2.08605f, 2.69473f },
  { 2.48195f, 1.87044f, 3.03291f, 2.74502f, 1.64045f, 2.89935f, 2.05903f, 2.5854f },
  { 2.35482f, 1.4064f, 2.39159f, 2.69993f, 1.55594f, 2.55429f, 2.21105f, 2.55589f },
  { 2.38068f, 2.3744f, 2.9006f, 2.86078f, 2.51673f, 3.11415f, 2.61588f, 2.95552f },
  { 2.24605f, 1.87687f, 2.60917f, 2.07142f, 2.17563f, 2.67819f, 1.65227f, 2.04437f },
  { 1.47206f, 0.941007f, 1.76821f, 1.55705f, 1.71397f, 2.26665f, 1.42731f, 1.76785f },
  { 3.14331f, 2.62617f, 3.89595f, 3.70101f, 2.7988f, 3.93696f, 2.65865f, 3.90347f }
};

#endif // MATRICES_HPP